,005827,161725,003095,110022,000001,000011
005827,1.0000,0.0833,0.0111,0.4516,0.0000,0.0111
161725,0.0833,1.0000,0.0101,0.1379,0.0000,0.0000
003095,0.0111,0.0101,1.0000,0.0102,0.0638,0.0417
110022,0.4516,0.1379,0.0102,1.0000,0.0102,0.0206
000001,0.0000,0.0000,0.0638,0.0102,1.0000,0.1905
000011,0.0111,0.0000,0.0417,0.0206,0.1905,1.0000
